	CoeffAng [s/m]		Interecetta y

ball1: 	551.687 +- 0.4508, 	-0.8388 +- 0.1399
ball2: 	330.583 +- 0.297, 	-0.461 +- 0.09214
ball3:	239.759 +- 0.2746, 	-0.355867 +- 0.08518
ball4: 	128.919 +- 0.152, 	-0.376933 +- 0.04716
ball5: 	54.1536 +- 0.122, 	-0.416133 +- 0.03785
ball6: 	36.8805 +- 0.06582, 	-0.852733 +- 0.02042
ball7: 	25.9663 +- 0.04651, 	-1.22893 +- 0.01443
ball8: 	16.4925 +- 0.2845, 	-1.01913 +- 0.08825

